20131209,134.6800,135.9500,134.5700,135.4900,3799000
20131210,133.7000,135.0400,132.1800,133.6500,4061300
20131211,132.5600,133.8100,132.4400,133.7000,3358300
20131212,132.9600,133.6500,131.9000,132.1100,3617700
20131213,133.8300,134.2500,133.1400,133.4500,3139400
20131216,134.7200,135.2000,133.9400,134.2700,3979500
20131217,135.8800,138.1000,135.3600,137.9200,6753000
20131218,135.4900,136.4400,132.8400,135.8600,5632400
20131219,135.1700,136.2300,133.9400,135.0000,3177100
20131220,136.6700,137.8500,135.4900,135.4900,5454600
20131223,136.4000,138.0900,136.3200,137.6900,2945100
20131224,136.8300,136.9800,136.1400,136.4000,1203200
20131226,138.2700,138.5900,137.1700,137.1800,2161300
20131227,136.9000,138.8800,136.7900,138.6900,2204600
20131230,135.9200,137.3700,135.5400,137.1600,2403500
20131231,136.4900,137.0500,135.7400,136.1600,2096000
20140102,136.6700,137.2500,135.5100,136.0100,3366700
20140103,137.6200,138.5000,137.0500,137.0600,3177400
20140106,138.4100,139.7600,137.8000,139.4000,4196500
20140107,140.5100,141.1000,138.5000,138.5800,4238500
20140108,140.8200,141.4000,139.3600,140.6900,4236100
20140109,142.1300,142.5200,140.5400,141.5100,4052500
20140110,141.9000,142.8000,140.9000,142.7900,4549500
20140113,140.7000,142.1400,140.3800,141.5500,4462400
20140114,140.0100,141.7000,137.8000,140.8500,8441600
20140115,140.6200,141.0800,140.1400,140.3000,3030800
20140116,140.2100,141.4500,140.0700,140.3300,3062900
20140117,140.4600,141.0000,139.7500,140.0800,3382700
20140121,141.6700,142.4600,140.8100,141.4600,3240600
20140122,144.3700,144.5700,141.8700,142.3100,4388700
20140123,141.3100,143.8900,141.1000,143.1000,4491400
20140124,136.6500,140.4700,136.3200,140.4000,5856800
20140127,137.3600,138.4600,135.6500,136.7000,5057800
20140128,137.0900,138.0900,136.4400,137.6100,4606200
20140129,129.7800,131.7600,128.0700,131.7000,15993400
20140130,126.5300,131.7000,125.2000,131.7000,10406200
20140131,125.2600,126.8700,123.0800,124.4600,9732700
20140203,123.0800,126.5200,122.7500,124.2400,9309600
20140204,122.0400,123.8000,120.5300,123.0700,9304100
20140205,121.4000,121.9400,118.7700,121.0000,9689100
20140206,122.6700,122.7200,121.5100,121.7900,6738800
20140207,127.0200,127.2100,123.6500,123.7500,8906300
20140210,127.1600,128.9700,126.3500,128.9600,8173500
20140211,130.1600,130.6900,127.4600,127.6500,7874000
20140212,128.1300,130.5500,128.0000,130.2900,5798800
20140213,129.5000,129.9400,127.0600,127.0600,4203400
20140214,130.1600,130.4100,128.0200,129.0900,4807700
20140218,130.6300,130.9400,129.6000,130.1300,4645300
20140219,128.3900,130.5000,128.3700,130.1100,5146600
20140220,129.5600,129.9900,127.5100,128.4800,4466400
20140221,128.2800,129.8000,128.1100,129.8000,5164000
20140224,129.5900,130.8000,128.3600,128.3800,4635700
20140225,126.7800,129.7500,126.2100,129.3000,7308800
20140226,126.6100,127.9400,126.3600,127.2400,4803600
20140227,128.5600,128.5600,126.2600,126.4700,4649700
20140228,128.9200,129.9500,128.0600,128.7500,4361400
20140303,128.2200,128.4400,126.5200,127.1800,4847100
20140304,130.2300,131.0000,129.3300,129.3800,5422800
20140305,128.7900,130.8000,128.6900,130.4000,4095200
20140306,128.8600,129.3700,128.0300,129.0100,3595900
20140307,128.5400,130.1600,128.0700,129.7500,4297800
20140310,126.8900,127.2800,124.7600,126.5100,7039200
20140311,125.6700,127.2700,125.6200,127.0300,4190000
20140312,124.4300,125.2000,123.8100,125.0000,5040100
20140313,121.8900,125.6100,121.6300,124.6500,6071200
20140314,123.1100,124.2800,121.9500,122.1200,5698400
20140317,125.4200,125.8200,123.9200,123.9700,4380500
20140318,124.0400,125.8200,123.6600,125.5900,4151600
20140319,122.2400,125.2000,121.3700,124.3200,6673000
20140320,123.7300,123.9000,121.3800,122.5900,4601700
20140321,122.5800,124.4500,122.5000,124.0600,7973600
20140324,123.4200,123.9500,122.0800,123.5300,4472500
20140325,124.0200,125.0000,123.5600,124.4600,3225100
20140326,123.5300,125.3200,123.3200,124.6100,3091200
20140327,123.2100,124.3000,121.8000,123.0100,3106000
20140328,124.4600,125.1900,123.5200,123.7800,2863500
20140331,125.4900,126.0400,124.8000,125.3600,2962000
20140401,128.2100,128.4000,126.1700,126.2400,3952800
20140402,128.3100,128.7700,127.4000,128.6300,2935200
20140403,128.7800,129.1700,128.2800,129.1700,3303500
20140404,127.3800,129.9200,127.2300,129.3300,4156600
20140407,125.5900,128.1800,124.9500,127.1900,3753600
20140408,124.1500,125.7300,124.0600,125.2800,4122200
20140409,126.8800,127.0200,124.0500,124.9900,3689900
20140410,123.6400,126.8600,123.6400,126.8200,3956900
20140411,122.0700,123.4500,121.9200,123.0500,3854600
20140414,123.2500,123.7700,122.1800,123.0800,3086300
20140415,124.2700,124.5500,122.1300,123.3500,2746900
20140416,126.0400,126.0400,124.7300,125.0000,2826100
20140417,127.9200,128.3700,125.8300,126.4400,3449400
20140421,127.8200,128.4400,127.3700,128.0500,2368500
20140422,127.5500,129.1300,127.4800,128.2500,5015600
20140423,130.6300,131.5000,129.3300,130.6700,7121600
20140424,129.8600,130.6200,128.4300,130.4100,4177000
20140425,128.6600,130.0000,128.3700,129.8400,2978500
20140428,127.0400,128.8700,125.8000,128.2000,4354600
20140429,128.3700,128.5700,126.5300,127.2000,3344100
20140430,129.0200,129.5000,127.8000,128.0500,2773000
20140501,128.4600,129.6000,128.2700,128.7400,2804100
20140502,129.9400,130.4000,128.6100,128.7000,3762900
20140505,131.9600,132.3800,128.9500,129.0000,4026500
20140506,130.8300,131.9200,130.7000,131.7500,4032000
20140507,130.3500,131.1000,129.2000,130.7700,2900600
20140508,130.5700,131.2700,130.1700,130.1700,2988700
20140509,131.1000,131.3300,129.8800,130.2600,2543800
20140512,132.6000,132.9900,131.6400,131.8200,3288500
20140513,133.4500,133.8300,132.8600,133.0100,3132200
20140514,132.9900,133.9700,132.6900,133.8000,2883900
20140515,131.2100,132.8600,130.5600,132.7000,3596800
20140516,130.8100,131.7100,130.0300,131.3100,2963300
20140519,131.3500,132.0700,130.3500,130.4200,2103100
20140520,129.5800,131.6000,129.0700,130.9400,2995800
20140521,130.9600,131.4300,130.0400,130.4300,2476100
20140522,131.8400,132.4800,131.2700,131.6600,2370700
20140523,132.4100,132.5800,131.9300,132.0000,1956200
20140527,134.1700,134.2100,132.8700,133.0900,3085500
20140528,134.3300,135.1500,134.1700,134.1700,2609400
20140529,135.1400,135.2000,134.4300,134.7100,2234100
20140530,135.2500,135.4400,134.0400,134.6700,2760300
20140602,135.9000,136.0300,134.7700,135.5000,2629900
20140603,135.8800,136.5300,135.6200,135.8000,2468800
20140604,135.3300,135.5500,134.5900,135.5400,2601900
20140605,136.8200,137.3800,135.6500,135.6500,3489900
20140606,138.2500,138.2500,137.1200,137.3900,2710900
20140609,137.9600,138.3900,137.5000,138.2500,2585000
20140610,137.2500,137.7500,136.2900,137.5900,2370200
20140611,134.1000,135.5300,133.8200,135.2500,5558000
20140612,132.1900,134.1700,131.6400,133.8600,3826100
20140613,132.2900,132.9500,131.5500,132.5300,2376600
20140616,132.5400,133.1300,131.6500,132.2000,2163800
20140617,132.4500,133.0500,131.7200,132.1000,2223200
20140618,132.4800,132.6700,131.0300,132.6100,2859000
20140619,132.8200,132.9300,131.8000,132.4800,2794900
20140620,132.1000,134.0800,132.0900,133.4800,8083500
20140623,130.8500,132.5300,130.6500,132.3200,4433000
20140624,129.1500,131.2400,129.0000,130.5000,4319800
20140625,127.0600,129.1400,126.2800,129.0400,7929700
20140626,128.0200,128.4400,126.3600,127.4100,3929100
20140627,128.5400,128.7800,127.5600,128.0700,3687900
20140630,127.2300,127.9100,126.2000,127.9100,5712900
20140701,128.1500,128.3300,127.3600,127.6600,3772500
20140702,127.6200,128.5000,127.3400,128.1500,2859000
20140703,128.5100,128.6200,127.7000,127.9900,1997500
20140707,129.0900,129.5000,127.7700,128.1000,3157000
20140708,126.7900,128.9700,125.9200,128.8900,5724300
20140709,126.7900,128.3200,125.9100,128.3100,8023900
20140710,126.7900,127.6300,125.1200,125.5400,3936900
20140711,128.0900,128.2400,126.3600,127.1800,3193100
20140714,129.5200,130.5800,128.7600,128.9100,5267500
20140715,129.1000,130.3100,128.3400,130.3100,4916100
20140716,127.4200,129.5600,127.1400,129.5600,5260800
20140717,125.8800,128.1800,125.7900,127.2100,5292900
20140718,127.6400,127.8200,126.2500,126.3800,3103300
20140721,128.3000,128.4200,126.7700,127.3000,2738700
20140722,129.7400,130.0100,128.5800,128.9900,5102200
20140723,126.7100,128.4000,126.0200,127.7900,12326300
20140724,124.4000,126.0500,124.0000,125.9200,10307200
20140725,123.2000,124.5300,122.4100,124.4800,6121400
20140728,123.0600,124.5600,122.1600,123.4400,4982400
20140729,122.3200,123.6300,122.2000,123.3100,4101900
20140730,122.2900,123.8000,121.7600,123.2000,4042900
20140731,120.4800,122.0500,120.4100,121.4700,5588800
20140801,120.3800,121.7100,119.6400,120.4500,5852700
20140804,119.9300,121.1900,119.7700,120.8000,4671100
20140805,121.2700,121.9800,119.6600,119.6700,6097900
20140806,118.3400,119.3600,117.8700,119.3200,6239700
20140807,119.8400,120.2200,118.8700,119.0000,4641800
20140808,120.6300,120.6500,119.2800,119.8000,4348900
20140811,120.8000,121.7600,120.7500,121.1500,2807900
20140812,120.4700,120.9400,120.0100,120.5100,2303500
20140813,121.9800,122.2300,120.6300,120.6700,2645800
20140814,124.1100,124.6900,122.1600,122.2000,4825100
20140815,123.1600,124.5000,122.1500,124.5000,4570000
20140818,124.9800,125.2400,123.5700,123.5800,4196900
20140819,125.5800,125.7900,125.1100,125.2200,2988300
20140820,127.3500,127.7100,125.5800,125.8900,4331300
20140821,127.5000,127.7800,126.7400,127.5400,2522300
20140822,127.4600,127.8000,126.9600,127.3300,2394700
20140825,128.3300,128.4900,127.7800,128.0800,2307100
20140826,128.6000,129.1300,128.3100,128.6900,2329000
20140827,128.2000,128.9900,127.9500,128.7700,3075200
20140828,127.1100,127.7500,126.7200,127.3400,3070300
20140829,126.8000,127.3500,126.0500,127.3500,3032700
20140902,125.4800,126.2600,124.5700,125.6200,4576000
20140903,125.9400,126.2400,125.2000,125.4600,3966500
20140904,125.4600,126.7500,125.2600,126.3800,2975300
20140905,124.6900,125.5500,124.1000,125.4300,4913800
20140908,127.9800,128.2500,125.9000,125.9000,6103500
20140909,128.2100,128.6800,127.6200,127.8100,4866400
20140910,128.2200,128.4700,127.4800,128.4700,3068200
20140911,127.6400,127.9900,127.2000,127.8200,1988200
20140912,126.9500,127.5600,126.6100,127.4900,3107300
20140915,126.3100,126.9500,125.6900,126.9200,3261700
20140916,127.3200,127.7000,125.7200,126.2000,3377500
20140917,127.7600,128.3800,127.2000,128.2500,3135300
20140918,128.5800,128.9000,128.0000,128.0000,2721800
20140919,129.3500,129.7000,128.9200,129.2700,5635700
20140922,128.6100,129.8700,128.4600,129.3700,2890300
20140923,127.3800,128.5400,127.0300,128.2800,2963100
20140924,128.5800,128.8000,127.2300,127.4600,2891400
20140925,127.1400,128.4900,127.0100,128.3100,2913100
20140926,128.6900,129.0000,126.9600,127.1900,2524100
20140929,128.7700,129.5300,127.0000,127.2100,3484900
20140930,127.3800,129.3900,127.3100,128.5700,4000200
20141001,124.6700,127.3700,124.3100,127.3700,5265200
20141002,124.1700,125.5500,123.8400,124.4000,3204500
20141003,126.3600,126.8700,124.6600,124.6600,3075900
20141006,126.2600,127.1900,125.3800,127.0900,2681000
20141007,123.3200,125.5200,123.2900,125.5200,3554900
20141008,124.9800,125.0900,122.1500,123.4700,3610300
20141009,122.7600,124.7500,122.3100,124.7200,4874700
20141010,121.5000,123.3600,121.5000,122.8700,4214200
20141013,120.4500,123.1900,120.2600,122.0500,3878600
20141014,122.2900,123.3700,120.7200,121.8400,3768200
20141015,120.1900,121.1200,116.3200,121.0600,7819000
20141016,120.2900,121.3000,118.3900,118.9100,4492500
20141017,123.2400,123.8700,121.7800,122.0500,4872400
20141020,124.3100,124.7200,123.0000,123.3900,3676300
20141021,127.1200,127.2400,124.9300,125.2100,5204500
20141022,121.4500,128.0000,121.3400,127.9900,13844400
20141023,122.0300,122.8800,121.0600,121.2700,7799700
20141024,122.2400,122.8400,121.2600,122.2000,4013300
20141027,122.1200,122.2300,121.2600,122.1300,2940300
20141028,123.6100,123.7900,121.9600,122.5000,4159000
20141029,123.0800,124.4800,122.5600,124.4800,3241700
20141030,123.8200,124.1200,122.0100,122.5200,2569600
20141031,124.9100,125.8900,124.7300,125.0300,4665300
20141103,126.0300,126.2500,124.8900,125.3500,3902700
20141104,125.8400,126.7100,125.2600,125.9400,3684600
20141105,124.2200,126.2500,124.2000,126.0100,3334000
20141106,124.5800,124.8000,123.3700,124.4800,2341900
20141107,124.4500,124.9400,124.1700,124.9300,2366700
20141110,124.6400,124.9900,123.8000,124.8700,2622700
20141111,125.3600,125.7300,124.4500,124.5800,3053500
20141112,125.8700,126.1900,124.4700,124.5100,3074700
20141113,128.5300,128.9600,125.7400,125.7400,5813500
20141114,128.8600,129.7800,127.8500,128.5300,6235200
20141117,128.4200,129.1700,127.5500,128.7000,3752900
20141118,130.6600,131.3300,128.0400,128.5500,5701200
20141119,131.6100,132.7400,130.2500,130.5900,5036700
20141120,131.7000,132.4000,130.7100,130.9400,4052800
20141121,132.7800,133.3600,132.5100,132.7200,4226700
20141124,134.6100,134.7400,133.4400,133.4500,4161500
20141125,134.8100,135.6000,134.7400,134.7400,4301600
20141126,134.7800,135.3000,134.3900,134.9500,2660100
20141128,134.3600,135.7800,134.0400,135.5100,2090000
20141201,132.3900,134.4000,132.2000,134.3100,3473700
20141202,132.2800,132.9600,131.7500,132.5000,2900200
20141203,131.9700,133.2800,131.4300,132.6500,4627500
20141204,131.3200,132.5200,130.9200,131.9700,2785500
20141205,132.2100,132.6200,131.5300,131.7200,2580200
20141208,130.2800,132.0700,129.8700,132.0200,2825900
20141209,129.6600,129.7200,127.7400,128.5600,3073700
