20131209,52.1100,52.4600,51.9200,51.9400,16653500
20131210,51.7400,52.6100,51.6900,51.9500,20025700
20131211,50.7100,51.6500,50.5300,51.6200,24600000
20131212,50.9100,51.1400,50.2700,51.0000,27240800
20131213,50.9700,51.1900,50.6800,50.9800,16743600
20131216,50.9000,51.6100,50.8200,51.3900,20312000
20131217,50.6900,51.0500,50.5500,51.0000,17951700
20131218,51.9600,52.0700,50.3300,50.8100,32921300
20131219,51.8800,52.1300,51.4500,51.7300,20127100
20131220,52.2100,52.4400,51.9000,52.0300,27871300
20131223,52.4100,52.6400,52.2200,52.4900,13627500
20131224,52.4300,52.4700,52.0800,52.3600,5302600
20131226,52.3500,52.6900,52.2000,52.6200,8882900
20131227,52.2600,52.4100,52.1900,52.3600,11814500
20131230,51.9200,52.4400,51.8300,52.2500,11506000
20131231,52.1100,52.1200,51.8100,51.9600,10706800
20140102,52.2700,52.4000,51.8100,52.0300,16479700
20140103,53.4000,53.4700,52.3100,52.3900,26884900
20140106,53.8100,54.2900,53.4300,53.6200,28503100
20140107,54.1800,54.7200,53.7800,54.5900,28840400
20140108,54.8100,55.0000,54.2000,54.2900,25989800
20140109,55.2000,55.2800,54.7600,55.0000,21803700
20140110,54.7200,55.0900,54.3000,55.0300,22485900
20140113,53.7200,54.6600,53.4400,54.4600,21110300
20140114,53.9500,54.4000,53.6300,54.1300,17771000
20140115,54.9900,55.1700,54.3600,54.5200,33688100
20140116,52.6000,53.5600,52.3500,53.5600,62946800
20140117,52.2700,52.9200,52.1300,52.6500,33934500
20140121,51.8500,53.0000,51.5600,52.5000,27567400
20140122,51.9000,52.1300,51.5100,52.0100,20841100
20140123,50.7200,51.6500,50.5500,51.6500,34832200
20140124,49.3300,50.1700,49.0800,50.0500,59057100
20140127,48.8100,49.6600,48.3600,49.1000,39675300
20140128,49.6000,49.8600,49.2900,49.2900,24780900
20140129,48.0800,49.3600,47.7000,48.9200,54018100
20140130,48.3000,48.7000,47.7800,48.4600,39940700
20140131,47.4300,48.2000,47.2900,47.5100,33425100
20140203,46.3400,47.8600,46.1900,47.8400,42977600
20140204,46.7800,47.5000,46.6800,47.0000,31286900
20140205,47.0600,47.3700,46.3100,46.7600,32535500
20140206,48.2500,48.2700,47.2700,47.4000,33905600
20140207,49.3400,49.3900,48.5200,49.0900,37875700
20140210,49.3200,49.7300,48.8300,49.5500,19630100
20140211,49.6600,49.8600,48.9600,49.2400,22982800
20140212,49.9600,50.1500,49.6500,49.7800,23626300
20140213,49.8600,49.9300,49.0500,49.0700,20639800
20140214,49.5200,49.8200,49.4100,49.5700,18780600
20140218,49.3800,49.9100,49.3600,49.5400,16217800
20140219,48.1900,49.3100,48.1900,49.0100,30294400
20140220,48.1300,48.5400,47.8900,48.4800,25234100
20140221,48.2600,48.5000,48.1000,48.2200,26881700
20140224,48.9800,49.4800,48.3100,48.3300,23874000
20140225,48.4000,49.0600,48.3000,48.9400,20495500
20140226,48.3200,48.6100,47.6800,48.4300,28822100
20140227,48.6900,48.6900,47.9600,48.0900,18598300
20140228,48.6300,49.2900,48.1100,48.2700,31732000
20140303,47.6100,48.2500,47.5500,47.8000,28678000
20140304,48.8300,48.9600,48.1400,48.3300,23940500
20140305,49.4200,49.9200,48.9600,49.0400,23620700
20140306,49.7100,50.1900,49.6800,49.9000,26967000
20140307,49.6200,50.4100,49.3700,50.2100,25775500
20140310,49.5700,49.6100,49.0800,49.1600,15397100
20140311,48.4300,49.8200,48.4000,49.7800,33244300
20140312,47.9800,48.1400,47.7600,48.1200,25822400
20140313,47.3300,48.3000,47.0700,48.1700,38925400
20140314,46.8800,47.8200,46.7900,47.3700,26135900
20140317,47.7300,47.8000,47.3100,47.4700,18928200
20140318,48.1400,48.1400,47.5000,47.7500,19517200
20140319,48.9400,49.5200,48.0200,48.2200,30308800
20140320,50.2200,50.4600,49.0100,49.2900,33885600
20140321,50.0800,51.0000,49.8600,51.0000,38388600
20140324,50.0500,50.6500,49.7800,50.2000,21170300
20140325,50.3000,50.5600,50.0500,50.2100,17484200
20140326,50.1600,50.5800,49.6800,50.5300,36784700
20140327,47.4500,48.2000,47.1100,47.4300,112601000
20140328,47.2500,47.7500,47.0300,47.7200,39796000
20140331,47.6000,47.9000,47.4700,47.5300,25651000
20140401,47.8000,48.2500,47.6500,47.7200,26810400
20140402,48.2400,48.3600,47.7300,48.1500,22354300
20140403,47.6800,48.0000,47.3700,47.9400,29237100
20140404,47.1100,47.7900,46.8500,47.7300,33010000
20140407,46.5500,47.1700,46.2900,47.1200,30145300
20140408,46.6000,46.8500,46.1200,46.5300,26874900
20140409,47.1600,47.1900,46.3200,46.7800,22373200
20140410,46.2300,47.2700,46.1200,47.2400,27170000
20140411,45.6800,46.4200,45.1800,45.7000,31063200
20140414,47.6700,47.8000,46.9800,47.4000,51962300
20140415,48.3100,48.4600,47.6400,47.9600,36511600
20140416,48.1800,48.6200,47.5800,48.5600,24654500
20140417,48.2200,48.4400,47.9900,48.1900,21361800
20140421,47.8400,48.2200,47.7700,48.1800,17044500
20140422,48.0200,48.5500,47.8500,47.9000,18584800
20140423,48.4000,48.5000,47.9100,48.0000,13497900
20140424,48.3300,48.5800,48.0100,48.4500,14699100
20140425,47.7500,48.4200,47.6800,48.1200,18117600
20140428,47.3000,47.9700,47.0500,47.6400,25780300
20140429,48.1600,48.2000,47.4000,47.6000,16942400
20140430,47.9100,48.3300,47.8400,48.1300,17077200
20140501,47.7600,48.1400,47.5900,47.8100,10931500
20140502,47.7300,48.2100,47.4900,47.8300,15358500
20140505,47.1800,47.3100,46.8000,47.2000,16845800
20140506,46.3600,47.0500,46.3300,47.0100,21786700
20140507,46.7000,46.8300,46.3200,46.5400,17502000
20140508,47.1400,47.4900,46.7000,46.7000,16065700
20140509,46.9900,47.2300,46.7100,47.0400,15185800
20140512,47.2700,47.4000,47.0400,47.2200,13305600
20140513,47.4200,47.4900,47.2300,47.3500,12615200
20140514,47.1200,47.5100,46.9800,47.5000,12405600
20140515,46.5200,46.9400,46.1500,46.8500,21174400
20140516,46.4400,46.6800,46.1700,46.4400,17186900
20140519,46.7700,46.7900,46.0800,46.1000,13621000
20140520,46.5500,46.9500,46.3800,46.6200,11789800
20140521,46.8500,47.0900,46.6900,46.8300,12822600
20140522,47.1400,47.1500,46.7700,46.7800,12711900
20140523,47.2900,47.4000,47.0900,47.2300,9571800
20140527,47.5700,48.3500,47.4100,47.6200,24503800
20140528,47.3200,47.8900,47.3100,47.4800,14178100
20140529,47.2800,47.5000,47.2100,47.3500,15552800
20140530,47.5700,47.6000,47.1500,47.1900,11538700
20140602,47.7600,47.9600,47.4300,47.6000,11887400
20140603,48.1900,48.2600,47.4600,47.5100,16105800
20140604,47.8800,48.2000,47.8200,48.0400,13075300
20140605,48.6300,48.8000,47.8900,48.0100,17048300
20140606,48.9300,49.2000,48.6200,48.7000,19149500
20140609,49.5800,49.5900,48.9500,48.9900,14235700
20140610,49.3300,49.5000,48.9900,49.4900,12769300
20140611,48.8100,49.2700,48.6400,49.0300,13944200
20140612,48.2700,48.7100,48.1000,48.6200,15670200
20140613,47.5900,48.6700,47.1200,48.1400,34838700
20140616,47.6400,47.7800,47.0400,47.4700,12790900
20140617,47.7900,48.0500,47.3500,47.4800,13946300
20140618,47.9300,48.0000,47.4100,47.7700,14468500
20140619,47.5600,47.9700,47.3400,47.9500,15747900
20140620,47.3400,47.8200,47.0700,47.7700,18832900
20140623,48.0600,48.1800,47.1000,47.1300,18431400
20140624,47.8100,48.4800,47.7100,47.8500,16916400
20140625,47.8200,48.0700,47.5600,47.6700,12704600
20140626,47.2300,47.7400,47.0300,47.7100,18875700
20140627,47.1400,47.3400,46.9200,47.2200,19162000
20140630,47.1000,47.3000,47.0100,47.1600,12290400
20140701,47.4600,47.9000,47.2200,47.4200,16699800
20140702,48.0100,48.2500,47.5000,47.5400,16774600
20140703,48.2400,48.7100,48.0700,48.3800,13643100
20140707,47.9800,48.1100,47.5900,48.0500,12052300
20140708,47.4200,47.7300,47.2500,47.7000,13808800
20140709,47.3800,47.6700,47.2000,47.4700,14195300
20140710,46.9000,47.0500,46.5500,46.7100,18671600
20140711,47.0000,47.0100,46.5700,46.8200,15205700
20140714,48.4200,48.8300,48.3500,48.6700,36149700
20140715,49.2900,49.4600,48.8200,48.8200,34419100
20140716,49.8200,49.8700,49.4000,49.4900,23590400
20140717,49.1800,49.9800,49.1600,49.5000,23847600
20140718,49.5600,49.8100,49.3100,49.4900,15453900
20140721,49.3500,49.4700,49.0700,49.1600,10920200
20140722,49.6000,49.8300,49.3800,49.6000,13125500
20140723,50.1800,50.5900,49.3600,49.6100,20099200
20140724,50.0900,50.4700,49.9600,50.2200,13282600
20140725,50.0300,50.2000,49.9400,49.9900,10082900
20140728,49.7000,50.0800,49.5400,49.9500,12070400
20140729,49.4200,49.8700,49.4200,49.7300,13165800
20140730,50.0000,50.2700,49.6300,49.6700,15327600
20140731,48.9100,49.9200,48.9100,49.5600,23550900
20140801,48.1000,49.0300,47.9000,48.5900,21822700
20140804,48.3400,48.5000,48.0600,48.4500,14277000
20140805,47.8900,48.4900,47.6500,48.2600,15912700
20140806,48.1400,48.5300,47.7500,47.7500,13038300
20140807,48.0600,48.6300,47.8900,48.5000,12377000
20140808,48.4500,48.5000,47.7800,48.0600,12001500
20140811,48.3900,48.6000,48.2300,48.5500,9130300
20140812,48.4400,48.6800,48.0500,48.2100,9238600
20140813,48.7500,48.8900,48.5300,48.6200,8602600
20140814,49.1300,49.1500,48.7400,48.8300,9693100
20140815,48.7200,49.4800,48.3200,49.2900,16215300
20140818,49.5100,49.5800,48.9700,49.0500,13199700
20140819,49.7000,50.2500,49.5200,49.5300,13073300
20140820,49.8000,49.9200,49.4600,49.6300,9039500
20140821,51.0700,51.2200,49.8000,49.9700,24162400
20140822,50.9300,51.6700,50.7300,50.9400,20002900
20140825,51.6300,51.9900,51.2800,51.2800,17502900
20140826,52.1300,52.3900,51.4600,51.5200,18384700
20140827,51.8600,52.2700,51.6800,52.1200,13398400
20140828,51.3900,51.6200,51.2800,51.5200,10255900
20140829,51.6500,51.8300,51.4600,51.5300,8981300
20140902,51.9600,51.9800,51.4400,51.7800,11452100
20140903,52.2300,52.5300,52.0400,52.2400,15116800
20140904,52.4700,52.8800,52.2200,52.2500,15694900
20140905,52.3000,52.4900,51.7200,52.3100,17484800
20140908,52.0500,52.7700,51.9100,52.1600,13557800
20140909,51.2600,51.7800,51.1200,51.6400,14584100
20140910,51.8300,51.9900,51.1800,51.2400,13013600
20140911,52.2300,52.2600,51.5200,51.6100,14084300
20140912,52.3800,52.8600,52.0900,52.2000,18329200
20140915,52.3100,52.5200,51.9200,52.3700,12805700
20140916,52.3600,52.4100,51.9100,52.1200,13221300
20140917,52.3900,53.0500,52.2200,52.3200,20379900
20140918,53.6600,53.9000,52.4800,52.7000,27307100
20140919,53.4800,54.1300,53.2600,53.9800,22153100
20140922,53.0400,53.7400,52.9600,53.4400,16654900
20140923,52.8400,53.2500,52.7500,52.7500,14586000
20140924,53.2600,53.3200,52.4900,52.9000,15606000
20140925,51.9600,53.2700,51.9600,53.2300,19262500
20140926,52.4900,52.5900,51.9600,51.9900,10474200
20140929,52.0500,52.2700,51.3200,51.7500,13006900
20140930,51.8200,52.4900,51.6300,52.0800,21787700
20141001,51.1000,51.8500,50.8900,51.6800,20757500
20141002,51.2500,51.5200,50.6600,50.9400,18393400
20141003,52.3200,52.4300,51.6400,51.7100,17716300
20141006,52.2800,52.6700,52.1300,52.5700,12675100
20141007,51.2700,52.0700,51.2700,51.9900,16837100
20141008,52.5400,52.6000,51.1800,51.2100,23356300
20141009,51.1400,52.4800,51.0100,52.4800,22423700
20141010,50.1100,51.2900,50.1100,50.9300,27764500
20141013,49.9000,50.8700,49.8600,50.1400,26025900
20141014,51.4700,51.6300,50.4400,51.1500,41368500
20141015,49.6800,50.9300,48.1100,50.9000,55398300
20141016,49.7500,50.2100,48.7400,48.9800,28295100
20141017,50.0700,50.7200,49.7400,50.4900,21969900
20141020,50.5300,50.6200,49.9600,50.0300,13796700
20141021,51.2700,51.4900,50.7500,51.0400,17798300
20141022,50.7000,51.8000,50.6800,51.2700,16664500
20141023,51.4100,51.9000,51.0900,51.2500,15167500
20141024,51.8000,51.8700,51.3700,51.4400,13284400
20141027,51.5900,51.6500,51.1700,51.4800,12134600
20141028,52.4400,52.5200,51.6400,51.6400,16529200
20141029,52.6500,52.7500,52.0900,52.4800,16322200
20141030,53.1500,53.4000,52.3400,52.6200,21027700
20141031,53.5300,53.9000,52.9900,53.4000,27639400
20141103,53.4700,53.7500,53.0200,53.4200,12123000
20141104,53.1900,53.3200,52.6300,53.2800,13618000
20141105,54.0200,54.1100,53.2600,53.5900,18546200
20141106,53.9900,54.3000,53.8100,53.9700,13621300
20141107,53.7500,54.0100,53.5400,53.8600,13479200
20141110,53.8900,53.8900,53.5400,53.5700,11235500
20141111,53.8100,54.0900,53.7600,53.9000,9524300
20141112,53.4200,53.6200,53.0700,53.3400,10271400
20141113,53.4400,53.5800,52.9800,53.4800,12667000
20141114,53.3800,53.6000,53.2600,53.3100,11339200
20141117,53.5700,53.6400,53.0500,53.0600,10189100
20141118,53.8100,54.1700,53.5100,53.5600,12907700
20141119,53.6600,53.8300,53.3800,53.8300,8664900
20141120,53.5200,53.5700,53.1100,53.2500,9721200
20141121,53.6600,54.3500,53.6100,54.0700,15139600
20141124,54.4000,54.4900,53.7600,53.9400,13726500
20141125,54.3300,54.5200,54.0600,54.4000,13212100
20141126,54.1300,54.4800,54.0000,54.4500,8704200
20141128,53.9700,54.1800,53.8300,54.0000,5876800
20141201,53.3500,53.9100,53.0500,53.8000,13825700
20141202,54.3600,54.4700,53.5100,53.5100,15957100
20141203,55.2100,55.2800,54.3100,54.4700,21221500
20141204,55.1800,55.4300,54.6900,54.9700,13407400
20141205,56.0800,56.4900,55.4600,55.5200,21945900
20141208,56.3700,56.9500,55.7500,55.9800,21799300
