20131209,178.2200,178.2200,178.2200,178.2200,0
20131210,176.6100,176.6100,176.6100,176.6100,0
20131211,171.1800,171.1800,171.1800,171.1800,0
20131212,172.4100,172.4100,172.4100,172.4100,0
20131213,172.5400,172.5400,172.5400,172.5400,0
20131216,172.8800,172.8800,172.8800,172.8800,0
20131217,170.7200,170.7200,170.7200,170.7200,0
20131218,175.0200,175.0200,175.0200,175.0200,0
20131219,175.2600,175.2600,175.2600,175.2600,0
20131220,179.0500,179.0500,179.0500,179.0500,0
20131223,181.3800,181.3800,181.3800,181.3800,0
20131224,181.0700,181.0700,181.0700,181.0700,0
20131226,182.0200,182.0200,182.0200,182.0200,0
20131227,180.7500,180.7500,180.7500,180.7500,0
20131230,181.5300,181.5300,181.5300,181.5300,0
20131231,181.7300,181.7300,181.7300,181.7300,0
20140102,182.4800,182.4800,182.4800,182.4800,0
20140103,181.7500,181.7500,181.7500,181.7500,0
20140106,179.4600,179.4600,179.4600,179.4600,0
20140107,182.6200,182.6200,182.6200,182.6200,0
20140108,186.1800,186.1800,186.1800,186.1800,0
20140109,195.8900,195.8900,195.8900,195.8900,0
20140110,204.0400,204.0400,204.0400,204.0400,0
20140113,199.1700,199.1700,199.1700,199.1700,0
20140114,201.9400,201.9400,201.9400,201.9400,0
20140115,202.6100,202.6100,202.6100,202.6100,0
20140116,205.8500,205.8500,205.8500,205.8500,0
20140117,207.4400,207.4400,207.4400,207.4400,0
20140121,212.7200,212.7200,212.7200,212.7200,0
20140122,214.0400,214.0400,214.0400,214.0400,0
20140123,213.0900,213.0900,213.0900,213.0900,0
20140124,206.0000,206.0000,206.0000,206.0000,0
20140127,199.8900,199.8900,199.8900,199.8900,0
20140128,205.0500,205.0500,205.0500,205.0500,0
20140129,203.5900,203.5900,203.5900,203.5900,0
20140130,209.0800,209.0800,209.0800,209.0800,0
20140131,205.5500,205.5500,205.5500,205.5500,0
20140203,198.6700,198.6700,198.6700,198.6700,0
20140204,201.8900,201.8900,201.8900,201.8900,0
20140205,196.9100,196.9100,196.9100,196.9100,0
20140206,196.2400,196.2400,196.2400,196.2400,0
20140207,205.5100,205.5100,205.5100,205.5100,0
20140210,209.9500,209.9500,209.9500,209.9500,0
20140211,213.6500,213.6500,213.6500,213.6500,0
20140212,215.0100,215.0100,215.0100,215.0100,0
20140213,217.8100,217.8100,217.8100,217.8100,0
20140214,214.4300,214.4300,214.4300,214.4300,0
20140218,219.7300,219.7300,219.7300,219.7300,0
20140219,216.8700,216.8700,216.8700,216.8700,0
20140220,220.3600,220.3600,220.3600,220.3600,0
20140221,223.9000,223.9000,223.9000,223.9000,0
20140224,226.1900,226.1900,226.1900,226.1900,0
20140225,228.6400,228.6400,228.6400,228.6400,0
20140226,227.4200,227.4200,227.4200,227.4200,0
20140227,228.4400,228.4400,228.4400,228.4400,0
20140228,221.4800,221.4800,221.4800,221.4800,0
20140303,220.1900,220.1900,220.1900,220.1900,0
20140304,225.7900,225.7900,225.7900,225.7900,0
20140305,225.2800,225.2800,225.2800,225.2800,0
20140306,219.1800,219.1800,219.1800,219.1800,0
20140307,217.4300,217.4300,217.4300,217.4300,0
20140310,220.0100,220.0100,220.0100,220.0100,0
20140311,218.1600,218.1600,218.1600,218.1600,0
20140312,219.4100,219.4100,219.4100,219.4100,0
20140313,215.0400,215.0400,215.0400,215.0400,0
20140314,213.5200,213.5200,213.5200,213.5200,0
20140317,213.5100,213.5100,213.5100,213.5100,0
20140318,220.0900,220.0900,220.0900,220.0900,0
20140319,218.1100,218.1100,218.1100,218.1100,0
20140320,216.3300,216.3300,216.3300,216.3300,0
20140321,206.4300,206.4300,206.4300,206.4300,0
20140324,199.2900,199.2900,199.2900,199.2900,0
20140325,198.9400,198.9400,198.9400,198.9400,0
20140326,194.6300,194.6300,194.6300,194.6300,0
20140327,195.5300,195.5300,195.5300,195.5300,0
20140328,188.7700,188.7700,188.7700,188.7700,0
20140331,194.8500,194.8500,194.8500,194.8500,0
20140401,199.0600,199.0600,199.0600,199.0600,0
20140402,198.3300,198.3300,198.3300,198.3300,0
20140403,192.5500,192.5500,192.5500,192.5500,0
20140404,184.4900,184.4900,184.4900,184.4900,0
20140407,184.4300,184.4300,184.4300,184.4300,0
20140408,183.2800,183.2800,183.2800,183.2800,0
20140409,190.4400,190.4400,190.4400,190.4400,0
20140410,178.4900,178.4900,178.4900,178.4900,0
20140411,172.4400,172.4400,172.4400,172.4400,0
20140414,171.9600,171.9600,171.9600,171.9600,0
20140415,172.5600,172.5600,172.5600,172.5600,0
20140416,176.1700,176.1700,176.1700,176.1700,0
20140417,175.9200,175.9200,175.9200,175.9200,0
20140421,179.4500,179.4500,179.4500,179.4500,0
20140422,186.4000,186.4000,186.4000,186.4000,0
20140423,182.1400,182.1400,182.1400,182.1400,0
20140424,181.4700,181.4700,181.4700,181.4700,0
20140425,175.8300,175.8300,175.8300,175.8300,0
20140428,175.3400,175.3400,175.3400,175.3400,0
20140429,180.5600,180.5600,180.5600,180.5600,0
20140430,181.6500,181.6500,181.6500,181.6500,0
20140501,182.9100,182.9100,182.9100,182.9100,0
20140502,179.6200,179.6200,179.6200,179.6200,0
20140505,183.0700,183.0700,183.0700,183.0700,0
20140506,179.5400,179.5400,179.5400,179.5400,0
20140507,177.4300,177.4300,177.4300,177.4300,0
20140508,173.3600,173.3600,173.3600,173.3600,0
20140509,176.8000,176.8000,176.8000,176.8000,0
20140512,181.5000,181.5000,181.5000,181.5000,0
20140513,180.1300,180.1300,180.1300,180.1300,0
20140514,181.3600,181.3600,181.3600,181.3600,0
20140515,179.2100,179.2100,179.2100,179.2100,0
20140516,178.9500,178.9500,178.9500,178.9500,0
20140519,181.1900,181.1900,181.1900,181.1900,0
20140520,177.6400,177.6400,177.6400,177.6400,0
20140521,177.7700,177.7700,177.7700,177.7700,0
20140522,181.7500,181.7500,181.7500,181.7500,0
20140523,181.7000,181.7000,181.7000,181.7000,0
20140527,186.8800,186.8800,186.8800,186.8800,0
20140528,186.3100,186.3100,186.3100,186.3100,0
20140529,187.6900,187.6900,187.6900,187.6900,0
20140530,186.4700,186.4700,186.4700,186.4700,0
20140602,185.2900,185.2900,185.2900,185.2900,0
20140603,186.1300,186.1300,186.1300,186.1300,0
20140604,189.2100,189.2100,189.2100,189.2100,0
20140605,191.1100,191.1100,191.1100,191.1100,0
20140606,191.7100,191.7100,191.7100,191.7100,0
20140609,194.1800,194.1800,194.1800,194.1800,0
20140610,195.4400,195.4400,195.4400,195.4400,0
20140611,194.9800,194.9800,194.9800,194.9800,0
20140612,194.8400,194.8400,194.8400,194.8400,0
20140613,195.6800,195.6800,195.6800,195.6800,0
20140616,196.7100,196.7100,196.7100,196.7100,0
20140617,196.3500,196.3500,196.3500,196.3500,0
20140618,198.1100,198.1100,198.1100,198.1100,0
20140619,197.7200,197.7200,197.7200,197.7200,0
20140620,200.2500,200.2500,200.2500,200.2500,0
20140623,198.7300,198.7300,198.7300,198.7300,0
20140624,199.3900,199.3900,199.3900,199.3900,0
20140625,199.4400,199.4400,199.4400,199.4400,0
20140626,199.2600,199.2600,199.2600,199.2600,0
20140627,200.0100,200.0100,200.0100,200.0100,0
20140630,200.2800,200.2800,200.2800,200.2800,0
20140701,204.0400,204.0400,204.0400,204.0400,0
20140702,205.5500,205.5500,205.5500,205.5500,0
20140703,206.2600,206.2600,206.2600,206.2600,0
20140707,200.2200,200.2200,200.2200,200.2200,0
20140708,193.9300,193.9300,193.9300,193.9300,0
20140709,196.1900,196.1900,196.1900,196.1900,0
20140710,194.7700,194.7700,194.7700,194.7700,0
20140711,196.1000,196.1000,196.1000,196.1000,0
20140714,196.4100,196.4100,196.4100,196.4100,0
20140715,190.8000,190.8000,190.8000,190.8000,0
20140716,188.1200,188.1200,188.1200,188.1200,0
20140717,182.5700,182.5700,182.5700,182.5700,0
20140718,188.6300,188.6300,188.6300,188.6300,0
20140721,188.8600,188.8600,188.8600,188.8600,0
20140722,190.7700,190.7700,190.7700,190.7700,0
20140723,198.7800,198.7800,198.7800,198.7800,0
20140724,196.4000,196.4000,196.4000,196.4000,0
20140725,194.6500,194.6500,194.6500,194.6500,0
20140728,192.6100,192.6100,192.6100,192.6100,0
20140729,197.1000,197.1000,197.1000,197.1000,0
20140730,199.1400,199.1400,199.1400,199.1400,0
20140731,193.4200,193.4200,193.4200,193.4200,0
20140801,192.6500,192.6500,192.6500,192.6500,0
20140804,194.8600,194.8600,194.8600,194.8600,0
20140805,195.5100,195.5100,195.5100,195.5100,0
20140806,195.7900,195.7900,195.7900,195.7900,0
20140807,193.5500,193.5500,193.5500,193.5500,0
20140808,196.7700,196.7700,196.7700,196.7700,0
20140811,199.5200,199.5200,199.5200,199.5200,0
20140812,199.7800,199.7800,199.7800,199.7800,0
20140813,204.9100,204.9100,204.9100,204.9100,0
20140814,207.3500,207.3500,207.3500,207.3500,0
20140815,208.2900,208.2900,208.2900,208.2900,0
20140818,210.6300,210.6300,210.6300,210.6300,0
20140819,210.4400,210.4400,210.4400,210.4400,0
20140820,208.6700,208.6700,208.6700,208.6700,0
20140821,205.5400,205.5400,205.5400,205.5400,0
20140822,207.4800,207.4800,207.4800,207.4800,0
20140825,215.1900,215.1900,215.1900,215.1900,0
20140826,219.3800,219.3800,219.3800,219.3800,0
20140827,218.5200,218.5200,218.5200,218.5200,0
20140828,216.6400,216.6400,216.6400,216.6400,0
20140829,218.9000,218.9000,218.9000,218.9000,0
20140902,218.6200,218.6200,218.6200,218.6200,0
20140903,218.3700,218.3700,218.3700,218.3700,0
20140904,214.9700,214.9700,214.9700,214.9700,0
20140905,213.8700,213.8700,213.8700,213.8700,0
20140908,216.4900,216.4900,216.4900,216.4900,0
20140909,213.5700,213.5700,213.5700,213.5700,0
20140910,219.7400,219.7400,219.7400,219.7400,0
20140911,219.4900,219.4900,219.4900,219.4900,0
20140912,216.9400,216.9400,216.9400,216.9400,0
20140915,212.8200,212.8200,212.8200,212.8200,0
20140916,215.5100,215.5100,215.5100,215.5100,0
20140917,217.2700,217.2700,217.2700,217.2700,0
20140918,218.4900,218.4900,218.4900,218.4900,0
20140919,217.3700,217.3700,217.3700,217.3700,0
20140922,214.1500,214.1500,214.1500,214.1500,0
20140923,213.5700,213.5700,213.5700,213.5700,0
20140924,221.2300,221.2300,221.2300,221.2300,0
20140925,216.4400,216.4400,216.4400,216.4400,0
20140926,219.0200,219.0200,219.0200,219.0200,0
20140929,219.7900,219.7900,219.7900,219.7900,0
20140930,216.0100,216.0100,216.0100,216.0100,0
20141001,216.0100,216.0100,216.0100,216.0100,0
20141002,214.4900,214.4900,214.4900,214.4900,0
20141003,218.7700,218.7700,218.7700,218.7700,0
20141006,214.4800,214.4800,214.4800,214.4800,0
20141007,209.4500,209.4500,209.4500,209.4500,0
20141008,214.9600,214.9600,214.9600,214.9600,0
20141009,209.2200,209.2200,209.2200,209.2200,0
20141010,204.2600,204.2600,204.2600,204.2600,0
20141013,201.6900,201.6900,201.6900,201.6900,0
20141014,200.3900,200.3900,200.3900,200.3900,0
20141015,203.6200,203.6200,203.6200,203.6200,0
20141016,207.8300,207.8300,207.8300,207.8300,0
20141017,209.6600,209.6600,209.6600,209.6600,0
20141020,213.4300,213.4300,213.4300,213.4300,0
20141021,217.6800,217.6800,217.6800,217.6800,0
20141022,216.2500,216.2500,216.2500,216.2500,0
20141023,223.4100,223.4100,223.4100,223.4100,0
20141024,227.2200,227.2200,227.2200,227.2200,0
20141027,229.2000,229.2000,229.2000,229.2000,0
20141028,233.3700,233.3700,233.3700,233.3700,0
20141029,230.8300,230.8300,230.8300,230.8300,0
20141030,235.4700,235.4700,235.4700,235.4700,0
20141031,233.9500,233.9500,233.9500,233.9500,0
20141103,233.3900,233.3900,233.3900,233.3900,0
20141104,231.6100,231.6100,231.6100,231.6100,0
20141105,226.6800,226.6800,226.6800,226.6800,0
20141106,231.2700,231.2700,231.2700,231.2700,0
20141107,228.7900,228.7900,228.7900,228.7900,0
20141110,232.5700,232.5700,232.5700,232.5700,0
20141111,233.0100,233.0100,233.0100,233.0100,0
20141112,233.6100,233.6100,233.6100,233.6100,0
20141113,231.1800,231.1800,231.1800,231.1800,0
20141114,226.3300,226.3300,226.3300,226.3300,0
20141117,226.1000,226.1000,226.1000,226.1000,0
20141118,230.5300,230.5300,230.5300,230.5300,0
20141119,229.1200,229.1200,229.1200,229.1200,0
20141120,230.8100,230.8100,230.8100,230.8100,0
20141121,231.7300,231.7300,231.7300,231.7300,0
20141124,236.9300,236.9300,236.9300,236.9300,0
20141125,236.5300,236.5300,236.5300,236.5300,0
20141126,240.0100,240.0100,240.0100,240.0100,0
20141128,239.9000,239.9000,239.9000,239.9000,0
20141201,234.5400,234.5400,234.5400,234.5400,0
20141202,240.5700,240.5700,240.5700,240.5700,0
20141203,240.5900,240.5900,240.5900,240.5900,0
20141204,239.1300,239.1300,239.1300,239.1300,0
20141205,218.4200,218.4200,218.4200,218.4200,0
20141208,221.2300,221.2300,221.2300,221.2300,0
