20131210,29.6400,30.1400,29.6000,30.0900,4033500
20131211,29.3100,29.6400,29.2500,29.6000,4398300
20131212,29.2700,29.5400,29.2500,29.3500,3925400
20131213,29.2500,29.3900,29.0600,29.3600,3880800
20131216,29.4100,29.6100,29.3100,29.3900,2734500
20131217,29.2900,29.3700,29.1300,29.3000,3680300
20131218,29.6800,29.6900,28.9500,29.3500,4393900
20131219,29.3300,29.6300,29.1300,29.5800,2959300
20131220,29.6800,29.7400,29.4100,29.4200,5819600
20131223,29.7600,29.9600,29.6800,29.7900,3308200
20131224,29.8600,29.9300,29.6300,29.7800,1204500
20131226,29.7500,29.8700,29.6500,29.8300,1758600
20131227,29.8500,29.9000,29.6700,29.8400,1648500
20131230,29.9500,29.9700,29.7800,29.7800,2155500
20131231,30.0900,30.1800,29.8500,29.9500,2458800
20140102,29.6500,30.1300,29.6400,30.1300,4664000
20140103,29.6200,30.0600,29.4000,30.0200,4209500
20140106,29.7500,29.8800,29.6400,29.8000,4406000
20140107,29.9200,29.9400,29.6500,29.7800,4239000
20140108,29.6500,29.8500,29.5200,29.8100,4464100
20140109,29.7000,29.7700,29.5800,29.7000,5216700
20140110,30.2900,30.3400,29.8900,29.9000,4977100
20140113,30.1400,30.3100,29.9800,30.1500,3993300
20140114,30.0400,30.2500,30.0000,30.1400,3381600
20140115,29.6900,30.0700,29.6800,30.0100,6258500
20140116,29.8600,29.9100,29.6700,29.7400,3883100
20140117,29.5900,29.9800,29.5900,29.9400,4622600
20140121,29.8700,29.9000,29.5400,29.8900,3750200
20140122,30.1500,30.2000,29.8400,29.9100,4289900
20140123,30.1600,30.2100,29.8800,30.1200,3415200
20140124,29.8700,30.3700,29.8600,30.0500,3577700
20140127,29.7500,29.9300,29.7100,29.8800,3256300
20140128,30.0600,30.1000,29.7200,29.8000,4429000
20140129,30.0700,30.2600,29.8700,30.0500,5098200
20140130,30.3900,30.4600,30.0000,30.1300,3757300
20140131,30.5700,30.6300,30.0700,30.1400,5802900
20140203,30.4900,30.9200,30.4100,30.9000,5781500
20140204,30.3000,30.6000,30.1000,30.5800,4714900
20140205,30.1100,30.2800,30.0400,30.2300,3206400
20140206,30.2900,30.5100,30.1400,30.3000,6233800
20140207,30.3400,30.4200,30.1600,30.3400,5070200
20140210,30.7400,30.7500,30.1600,30.3200,4019500
20140211,31.0800,31.1700,30.7000,30.7000,4112200
20140212,31.0900,31.1500,30.8500,30.9800,2565900
20140213,31.3700,31.4200,30.9700,30.9800,3033000
20140214,31.5200,31.5200,31.2600,31.2900,2756700
20140218,31.7800,31.8900,31.5900,31.6700,3055800
20140219,31.6100,31.8900,31.5200,31.7200,2783800
20140220,31.7900,31.9200,31.6200,31.6400,3602700
20140221,31.8000,32.0600,31.7700,31.8700,3096100
20140224,31.8100,32.1400,31.8000,31.9100,3769500
20140225,31.9100,32.1700,31.7700,31.8400,3684500
20140226,32.1400,32.1900,31.9200,31.9800,4150000
20140227,31.9600,32.2000,31.8700,32.1500,3871300
20140228,32.2900,32.3200,32.0200,32.1000,3713200
20140303,32.0100,32.2900,31.8300,32.1900,4450600
20140304,32.3100,32.3900,32.1200,32.2100,4893300
20140305,32.0000,32.3400,31.9200,32.3100,5041700
20140306,31.3700,31.6900,31.2300,31.6400,4107700
20140307,31.8400,31.8400,31.1900,31.3200,5294100
20140310,31.7300,31.9000,31.6200,31.8000,4545100
20140311,31.6600,31.8500,31.4500,31.7600,3275800
20140312,32.1900,32.1900,31.6200,31.6300,4575700
20140313,32.3700,32.5000,32.0700,32.1800,6479000
20140314,32.7700,32.9100,32.2400,32.2900,5510800
20140317,32.7600,32.8400,32.5600,32.8100,3326300
20140318,32.8000,32.8900,32.6300,32.7400,3094300
20140319,32.2100,32.8500,32.0500,32.8000,3701200
20140320,32.2100,32.2200,31.8000,32.1900,4820700
20140321,32.4400,32.8200,32.2800,32.3900,7408700
20140324,32.3700,32.7000,32.3400,32.4900,4237700
20140325,32.3700,32.5300,32.1000,32.4000,4544400
20140326,32.4100,32.6800,32.3100,32.4200,4619300
20140327,32.8100,32.8800,32.2600,32.3600,7329700
20140328,32.9800,33.0000,32.6400,32.7500,2992200
20140331,33.1400,33.2400,32.7200,33.0100,5860800
20140401,32.7700,33.2400,32.7100,33.2400,5950500
20140402,32.4200,32.7900,32.4100,32.7900,5216000
20140403,32.4700,32.6100,32.3200,32.5000,3418200
20140404,32.7100,33.0200,32.3200,32.3500,4424000
20140407,32.8000,33.3000,32.6700,32.7500,4319400
20140408,33.2900,33.3000,32.5300,32.7200,5329000
20140409,33.0300,33.3500,32.7500,33.3100,5414200
20140410,33.0200,33.4800,32.9200,33.1000,4595800
20140411,32.6000,33.2200,32.5800,33.0000,7209700
20140414,32.7500,32.8900,32.5700,32.7200,5754900
20140415,33.2100,33.3400,32.8100,32.8400,6118200
20140416,33.4200,33.4200,33.1300,33.3300,3152100
20140417,33.1400,33.5400,33.0400,33.3300,4032400
20140421,32.9400,33.3300,32.7900,33.2500,6312100
20140422,32.9400,33.0100,32.7700,32.9000,5623100
20140423,33.1100,33.5600,32.9400,33.0000,8970800
20140424,33.3900,33.5700,33.1300,33.2900,4423300
20140425,33.5500,33.7000,33.3800,33.4300,4409600
20140428,33.6300,33.8600,33.4300,33.5500,5100200
20140429,33.4500,33.8000,33.3200,33.6200,4397200
20140430,33.3400,33.9400,33.2200,33.4400,10413400
20140501,34.2100,34.3800,33.3000,33.5500,7339900
20140502,33.8000,34.4300,33.7000,33.9500,6546100
20140505,34.3600,34.3800,33.7600,33.8100,4761000
20140506,34.2000,34.4400,34.0000,34.1900,5650100
20140507,34.5000,34.6300,34.1100,34.2500,6866000
20140508,34.0700,34.5600,34.0000,34.5600,3402800
20140509,33.6300,34.2100,33.5600,34.1500,4107400
20140512,33.1100,33.7500,33.0000,33.7500,4021400
20140513,33.3900,33.4000,33.1000,33.1700,4329000
20140514,33.5500,33.6500,33.2600,33.4300,3672800
20140515,33.7700,33.8000,33.5500,33.6000,4942600
20140516,34.1400,34.1500,33.6000,33.8100,7162200
20140519,33.5800,34.1400,33.3700,34.1200,5953600
20140520,33.2700,33.7800,33.2100,33.5700,3591600
20140521,33.3200,33.3900,33.1400,33.3400,3288900
20140522,33.5700,33.6700,33.3600,33.4200,4602800
20140523,33.3800,33.7300,33.3500,33.5300,3982700
20140527,34.3400,34.4600,33.9500,34.0100,8641000
20140528,34.6400,34.6600,34.1100,34.3000,5846600
20140529,34.7800,34.8700,34.4100,34.7800,4185300
20140530,35.0900,35.1200,34.7100,34.7600,4455500
20140602,34.7800,35.0600,34.7200,34.9900,2632800
20140603,34.9900,35.2500,34.6400,34.6800,4625200
20140604,34.8600,34.9700,34.6900,34.8600,2377800
20140605,34.9100,35.0800,34.7500,34.8600,3959700
20140606,34.6600,34.7800,34.5300,34.5700,4142000
20140609,34.2200,34.6900,34.1000,34.5700,3480200
20140610,34.6900,35.1800,34.6700,34.9700,7881300
20140611,33.7200,34.6600,33.6800,34.6400,9111300
20140612,33.5200,33.8200,33.1700,33.7900,7015900
20140613,34.0300,34.1900,33.4400,33.6200,5573400
20140616,34.2700,34.5800,33.9200,33.9500,4719000
20140617,34.0200,34.3100,33.9900,34.1500,3921000
20140618,34.6900,34.7200,34.0000,34.0300,4767800
20140619,34.7800,35.0400,34.2600,34.2600,3967000
20140620,34.6200,34.9300,34.5800,34.8400,3490300
20140623,34.4700,34.7100,34.2400,34.5700,3128500
20140624,34.5100,34.7000,34.3900,34.4000,3258500
20140625,34.5600,34.6500,34.2500,34.4500,3545300
20140626,34.7600,34.7900,34.4600,34.5800,3424600
20140627,35.1900,35.2000,34.6000,34.7600,5910800
20140630,35.5300,35.5600,35.0100,35.2600,4371200
20140701,35.1600,35.5200,35.1500,35.5200,3515200
20140702,34.3300,35.0900,34.1600,35.0800,4036000
20140703,34.0300,34.2700,33.8500,34.2700,2643800
20140707,34.0800,34.2600,33.8900,33.9900,2758700
20140708,34.1200,34.2100,33.9200,33.9700,3555900
20140709,34.0000,34.2800,33.8100,34.2200,4000300
20140710,34.2400,34.3200,34.0000,34.0100,2183900
20140711,33.8300,34.3100,33.7100,34.1900,3744600
20140714,33.3800,33.9300,33.3600,33.9000,3997000
20140715,33.5300,33.6600,33.3400,33.3700,3185500
20140716,33.6500,33.7500,33.4000,33.5800,2923900
20140717,33.3300,33.6600,33.3200,33.5800,2967600
20140718,33.8400,33.9200,33.2900,33.4700,3992200
20140721,33.7700,33.8100,33.4500,33.6300,4188500
20140722,33.6400,33.9000,33.6000,33.8300,2746300
20140723,33.6700,33.7700,33.5600,33.6700,2425700
20140724,33.7800,33.8300,33.5100,33.6800,2255000
20140725,33.4300,33.9200,33.3700,33.7600,1991000
20140728,34.0400,34.1000,33.3900,33.4300,2866400
20140729,33.7000,34.1300,33.6900,34.1300,2054000
20140730,33.1300,33.9300,33.0900,33.7500,3400700
20140731,32.9900,33.5100,32.6500,33.0600,4606000
20140801,33.1400,33.3200,32.7200,32.7900,4099600
20140804,33.0400,33.2500,32.3700,33.2000,6081800
20140805,32.5400,33.0900,32.4300,32.8800,3742200
20140806,31.9400,32.4800,31.7900,32.4000,8253500
20140807,32.3900,32.4800,32.0800,32.0800,4657200
20140808,33.0000,33.0300,32.5400,32.5400,9577300
20140811,33.0000,33.2600,32.9300,33.1400,3247600
20140812,33.1400,33.3200,32.9100,33.0100,3468400
20140813,33.3000,33.3300,32.9700,33.1300,3977400
20140814,33.6800,33.7000,33.3100,33.3100,2554000
20140815,33.8100,34.0500,33.6400,33.6900,4376300
20140818,33.6500,33.9500,33.5100,33.8500,2731700
20140819,34.0900,34.1100,33.6300,33.7300,2940500
20140820,34.0800,34.1600,33.8500,34.1200,2297600
20140821,34.2900,34.4600,34.1200,34.1400,2420800
20140822,34.1700,34.4600,33.9800,34.3100,2032600
20140825,34.3200,34.5200,34.1400,34.2200,2213800
20140826,33.9300,34.5500,33.8800,34.4300,2843800
20140827,34.3000,34.3200,33.9600,33.9600,3132400
20140828,34.4500,34.5200,34.1400,34.2000,1983000
20140829,34.6300,34.6400,34.3600,34.4100,3737000
20140902,34.2700,34.7200,34.0900,34.5300,3047700
20140903,34.5000,34.6300,34.3800,34.4800,2080200
20140904,34.4300,34.5400,34.2000,34.3800,3021500
20140905,34.5700,34.6400,34.4100,34.4800,3974600
20140908,33.7000,34.2200,33.5000,34.2200,4676200
20140909,33.3200,33.5300,33.2000,33.5200,4914100
20140910,32.9700,33.3000,32.8100,33.2500,5253800
20140911,33.1800,33.2600,32.7900,32.9100,4658100
20140912,32.6300,33.0600,32.5200,33.0300,3512900
20140915,32.6400,32.7900,32.5400,32.6400,3044900
20140916,33.5000,33.5100,32.5300,32.5600,5674600
20140917,33.4600,33.8500,33.3400,33.5800,4436400
20140918,33.2800,33.5200,33.1000,33.4600,4124100
20140919,33.6400,33.7100,33.2300,33.3000,6848300
20140922,33.3200,33.5500,33.1500,33.5400,2846600
20140923,33.1100,33.3800,33.1100,33.3000,2890600
20140924,32.7800,33.1800,32.6100,33.1500,4338400
20140925,32.8200,33.0500,32.7500,32.7900,3947300
20140926,32.7200,32.9100,32.4100,32.8800,2827800
20140929,32.9400,33.0100,32.5300,32.6000,3126800
20140930,32.8400,33.3400,32.7400,33.0200,4101000
20141001,33.1000,33.4600,32.9100,32.9500,4956100
20141002,33.1500,33.3500,33.0200,33.0900,3083500
20141003,33.4800,33.5800,32.9300,33.2600,2498700
20141006,33.4700,33.6300,33.2600,33.5000,1631400
20141007,33.5800,34.0400,33.3600,33.4200,3699600
20141008,34.2700,34.3000,33.6000,33.6500,3733000
20141009,33.7000,34.4900,33.7000,34.2300,4823900
20141010,33.7800,34.3100,33.6800,33.7800,4525700
20141013,33.6400,34.1500,33.6400,33.8600,4435300
20141014,33.5900,34.1800,33.3700,33.8100,9103900
20141015,32.4900,33.7200,32.1200,33.5100,11682500
20141016,33.0500,33.1600,32.0900,32.1200,6119900
20141017,33.3500,33.4000,32.8500,33.2500,4779500
20141020,33.9400,33.9500,33.3600,33.4000,3755200
20141021,33.9400,34.0800,33.7400,34.0100,2934100
20141022,34.3600,34.5100,33.9700,34.0000,4691000
20141023,34.3500,34.6600,34.2600,34.6100,3650500
20141024,34.5300,34.6000,34.2200,34.3200,2574700
20141027,34.6700,34.7500,34.4000,34.6200,3109800
20141028,34.8300,34.8300,34.4000,34.7000,3830800
20141029,34.5100,34.9500,34.1700,34.8400,3254700
20141030,34.8200,34.9800,34.4700,34.5700,7123700
20141031,34.9900,35.0200,34.6800,34.9700,6488800
20141103,35.1400,35.2500,34.8900,35.0200,4330300
20141104,34.9400,35.4200,34.7800,35.0900,3270800
20141105,36.3900,36.4200,35.2300,35.4000,11241700
20141106,35.9900,36.3300,35.6200,36.3300,7681400
20141107,36.5100,36.5100,35.9100,36.0000,4160500
20141110,36.7800,36.8000,36.3600,36.4000,4310900
20141111,36.5700,36.8100,36.4600,36.7300,3525600
20141112,35.8600,36.3000,35.7500,36.1400,5612000
20141113,35.7100,36.1700,35.6300,35.9200,3242200
20141114,35.4400,35.6600,35.3700,35.5800,4887600
20141117,35.6400,35.7200,35.2900,35.4300,4761500
20141118,35.6200,35.9200,35.5000,35.7200,3325800
20141119,35.3900,35.6100,35.2600,35.5200,4993000
20141120,35.2600,35.4700,35.1100,35.4700,3921300
20141121,35.5100,35.6300,35.2100,35.6300,4123400
20141124,35.1500,35.6800,35.0700,35.6000,3401800
20141125,35.2000,35.2700,34.8500,35.2400,3854000
20141126,35.2400,35.3900,35.1300,35.1600,2872300
20141128,35.5300,35.7300,35.2700,35.3900,1618000
20141201,35.6000,35.7500,35.3100,35.4800,3185100
20141202,35.8800,35.9000,35.3600,35.5400,4080100
20141203,35.9000,35.9800,35.7600,35.8500,5829100
20141204,35.6300,36.0600,35.5300,35.8500,4043400
20141205,35.2500,35.6900,35.0900,35.3700,4084700
20141208,35.2200,35.3900,34.9300,34.9300,3640200
20141209,35.4400,35.6300,35.0800,35.0800,3631400
